发射信号参数：
下限频率:  5000
上限频率:  20000
采样频率:  150000
信号幅度:  3
信号周期:  0.02

算法参数：
类型:  Yule—Walker算法
阶数:  64
FFT变换点数:  1024
采样频率:  60000

悬浮物浓度ssc(g/L)：
0.0457
0.024
0.0247
0.0247
0.0248
0.0248
0.0247
0.0248
0.0247
0.0241
0.044
0.0452
0.0458
0.0459
0.0462
0.0457
0.046
0.0457
0.0463
0.0461
0.0461
0.0463
0.046
0.0455
0.0464
0.0455

悬浮物浓度相对比值：
57.4752
30.2412
31.0446
31.1221
31.2249
31.2194
31.0936
31.2451
31.0792
30.2713
55.3873
56.9002
57.6351
57.722
58.0931
57.5177
57.8717
57.5124
58.2518
57.9423
58.0395
58.2712
57.8128
57.1744
58.358
57.2621

悬浮物线度(mm)：
26.1291
0.67
0.5332
0.4355
0.3531
0.3148
0.2666
0.2354
0.2159
0.1979
0.1519
0.134
0.1221
0.1089
0.1005
0.0947
0.0877
0.0811
0.076
0.0724
0.0679
0.0644
0.0616
0.0592
0.055
0.0525

悬浮物线度相对比值：
1.7067
0.0438
0.0348
0.0284
0.0231
0.0206
0.0174
0.0154
0.0141
0.0129
0.0099
0.0088
0.008
0.0071
0.0066
0.0062
0.0057
0.0053
0.005
0.0047
0.0044
0.0042
0.004
0.0039
0.0036
0.0034

